{
 "cells": [
  {
   "cell_type": "markdown",
   "metadata": {},
   "source": [
    "In this kernel, I stack my output and open kernels results, and aim high score!  \n",
    "  \n",
    "REF:  \n",
    "https://www.kaggle.com/roydatascience/chemistry-of-best-models-1-835"
   ]
  },
  {
   "cell_type": "markdown",
   "metadata": {},
   "source": [
    "## Stacking the Best Models\n",
    "<pre><b>This Kernel shows how the scores can be improved using Stacking Method.\n",
    "Credit Goes to the following kernels\n",
    "ref:\n",
    "1. https://www.kaggle.com/filemide/distance-criskiev-hyparam-cont-1-662\n",
    "#2. https://www.kaggle.com/criskiev/distance-is-all-you-need-lb-1-481\n",
    "3. https://www.kaggle.com/marcelotamashiro/lgb-public-kernels-plus-more-features\n",
    "#4. https://www.kaggle.com/scaomath/no-memory-reduction-workflow-for-each-type-lb-1-28\n",
    "5. https://www.kaggle.com/fnands/1-mpnn/output?scriptVersionId=18233432\n",
    "6. https://www.kaggle.com/harshit92/fork-from-kernel-1-481\n",
    "7. https://www.kaggle.com/xwxw2929/keras-neural-net-and-distance-features\n",
    "8. https://www.kaggle.com/marcogorelli/criskiev-s-distances-more-estimators-groupkfold?scriptVersionId=18843561\n",
    "9. https://www.kaggle.com/toshik/schnet-starter-kit\n",
    "10.https://www.kaggle.com/abazdyrev/nn-w-o-skew\n",
    "add1.https://www.kaggle.com/fnands/1-mpnn\n",
    "add2.https://www.kaggle.com/yamqwe/deep-learning-fork-and-tweaks-lb-1-674\n",
    "add3.https://www.kaggle.com/xwxw2929/keras-nn-with-multi-output\n",
    "add4.https://www.kaggle.com/vandalzzz/lgb-v3-5-lb-1-657/notebook\n",
    "#add5.https://www.kaggle.com/saurabh7/compact-feature-engineering-lgbm-py-version#Feature-Importances-by-Type\n",
    "#add6.https://www.kaggle.com/manojprabhaakr/base-model-molecular-properties-catboost\n",
    "#add7.https://www.kaggle.com/vicensgaitan/giba-r-data-table-simplefeat-cyv-interaction\n",
    "\n",
    "</b></pre>"
   ]
  },
  {
   "cell_type": "markdown",
   "metadata": {},
   "source": [
    "## Stat Stack"
   ]
  },
  {
   "cell_type": "code",
   "execution_count": 1,
   "metadata": {
    "_cell_guid": "b1076dfc-b9ad-4769-8c92-a6c4dae69d19",
    "_uuid": "8f2839f25d086af736a60e9eeb907d3b93b6e0e5"
   },
   "outputs": [
    {
     "name": "stdout",
     "output_type": "stream",
     "text": [
      "champs-scalar-coupling\n",
      "pmp-submissions\n",
      "stacking-models\n",
      "\n"
     ]
    }
   ],
   "source": [
    "import os\n",
    "import numpy as np \n",
    "import pandas as pd \n",
    "import matplotlib.pyplot as plt\n",
    "from scipy.stats.mstats import gmean\n",
    "import seaborn as sns\n",
    "%matplotlib inline\n",
    "from subprocess import check_output\n",
    "print(check_output([\"ls\", \"../input\"]).decode(\"utf8\"))"
   ]
  },
  {
   "cell_type": "code",
   "execution_count": 2,
   "metadata": {},
   "outputs": [
    {
     "data": {
      "text/html": [
       "<div>\n",
       "<style scoped>\n",
       "    .dataframe tbody tr th:only-of-type {\n",
       "        vertical-align: middle;\n",
       "    }\n",
       "\n",
       "    .dataframe tbody tr th {\n",
       "        vertical-align: top;\n",
       "    }\n",
       "\n",
       "    .dataframe thead th {\n",
       "        text-align: right;\n",
       "    }\n",
       "</style>\n",
       "<table border=\"1\" class=\"dataframe\">\n",
       "  <thead>\n",
       "    <tr style=\"text-align: right;\">\n",
       "      <th></th>\n",
       "      <th>id</th>\n",
       "      <th>mol0</th>\n",
       "      <th>mol1</th>\n",
       "      <th>mol2</th>\n",
       "      <th>mol3</th>\n",
       "      <th>mol4</th>\n",
       "      <th>mol5</th>\n",
       "      <th>mol6</th>\n",
       "      <th>mol7</th>\n",
       "      <th>mol8</th>\n",
       "      <th>mol9</th>\n",
       "      <th>mol10</th>\n",
       "      <th>mol11</th>\n",
       "      <th>mol12</th>\n",
       "      <th>mol13</th>\n",
       "      <th>mol14</th>\n",
       "      <th>mol15</th>\n",
       "      <th>my_mol</th>\n",
       "      <th>mol_add1</th>\n",
       "      <th>mol_add3</th>\n",
       "    </tr>\n",
       "  </thead>\n",
       "  <tbody>\n",
       "    <tr>\n",
       "      <th>0</th>\n",
       "      <td>4658147</td>\n",
       "      <td>3.695861</td>\n",
       "      <td>20.144223</td>\n",
       "      <td>55.943756</td>\n",
       "      <td>13.013150</td>\n",
       "      <td>16.752722</td>\n",
       "      <td>5.418903</td>\n",
       "      <td>16.333971</td>\n",
       "      <td>3.695861</td>\n",
       "      <td>14.008136</td>\n",
       "      <td>23.428907</td>\n",
       "      <td>22.673035</td>\n",
       "      <td>24.126003</td>\n",
       "      <td>6.599267</td>\n",
       "      <td>22.414471</td>\n",
       "      <td>16.752722</td>\n",
       "      <td>20.500710</td>\n",
       "      <td>8.510276</td>\n",
       "      <td>19.242008</td>\n",
       "      <td>1.602919</td>\n",
       "    </tr>\n",
       "    <tr>\n",
       "      <th>1</th>\n",
       "      <td>4658148</td>\n",
       "      <td>55.408562</td>\n",
       "      <td>181.403123</td>\n",
       "      <td>185.007780</td>\n",
       "      <td>185.452695</td>\n",
       "      <td>112.681038</td>\n",
       "      <td>102.854691</td>\n",
       "      <td>197.289728</td>\n",
       "      <td>55.408562</td>\n",
       "      <td>178.609375</td>\n",
       "      <td>150.373672</td>\n",
       "      <td>146.205200</td>\n",
       "      <td>139.170975</td>\n",
       "      <td>103.370956</td>\n",
       "      <td>142.809891</td>\n",
       "      <td>129.551773</td>\n",
       "      <td>151.843719</td>\n",
       "      <td>175.208596</td>\n",
       "      <td>186.417656</td>\n",
       "      <td>112.681038</td>\n",
       "    </tr>\n",
       "    <tr>\n",
       "      <th>2</th>\n",
       "      <td>4658149</td>\n",
       "      <td>11.794282</td>\n",
       "      <td>3.577224</td>\n",
       "      <td>1.717238</td>\n",
       "      <td>2.860661</td>\n",
       "      <td>5.626666</td>\n",
       "      <td>5.910957</td>\n",
       "      <td>6.159606</td>\n",
       "      <td>11.794282</td>\n",
       "      <td>14.079749</td>\n",
       "      <td>9.440313</td>\n",
       "      <td>9.503328</td>\n",
       "      <td>9.896583</td>\n",
       "      <td>11.236391</td>\n",
       "      <td>9.560091</td>\n",
       "      <td>5.626666</td>\n",
       "      <td>9.891783</td>\n",
       "      <td>11.947432</td>\n",
       "      <td>14.021063</td>\n",
       "      <td>4.296166</td>\n",
       "    </tr>\n",
       "    <tr>\n",
       "      <th>3</th>\n",
       "      <td>4658150</td>\n",
       "      <td>55.408562</td>\n",
       "      <td>181.403123</td>\n",
       "      <td>185.007780</td>\n",
       "      <td>186.291965</td>\n",
       "      <td>112.681038</td>\n",
       "      <td>102.854691</td>\n",
       "      <td>196.833797</td>\n",
       "      <td>55.408562</td>\n",
       "      <td>178.609375</td>\n",
       "      <td>150.373672</td>\n",
       "      <td>146.205200</td>\n",
       "      <td>139.170975</td>\n",
       "      <td>103.370956</td>\n",
       "      <td>142.809891</td>\n",
       "      <td>129.551773</td>\n",
       "      <td>151.843719</td>\n",
       "      <td>173.290895</td>\n",
       "      <td>186.417664</td>\n",
       "      <td>112.681038</td>\n",
       "    </tr>\n",
       "    <tr>\n",
       "      <th>4</th>\n",
       "      <td>4658151</td>\n",
       "      <td>3.695861</td>\n",
       "      <td>20.144230</td>\n",
       "      <td>55.943756</td>\n",
       "      <td>14.473496</td>\n",
       "      <td>16.752722</td>\n",
       "      <td>5.418903</td>\n",
       "      <td>17.863188</td>\n",
       "      <td>3.695861</td>\n",
       "      <td>14.008136</td>\n",
       "      <td>23.428907</td>\n",
       "      <td>22.673035</td>\n",
       "      <td>24.126003</td>\n",
       "      <td>6.599267</td>\n",
       "      <td>22.414471</td>\n",
       "      <td>16.752722</td>\n",
       "      <td>20.500710</td>\n",
       "      <td>8.399224</td>\n",
       "      <td>19.242008</td>\n",
       "      <td>1.602919</td>\n",
       "    </tr>\n",
       "  </tbody>\n",
       "</table>\n",
       "</div>"
      ],
      "text/plain": [
       "        id       mol0        mol1        mol2        mol3        mol4  \\\n",
       "0  4658147   3.695861   20.144223   55.943756   13.013150   16.752722   \n",
       "1  4658148  55.408562  181.403123  185.007780  185.452695  112.681038   \n",
       "2  4658149  11.794282    3.577224    1.717238    2.860661    5.626666   \n",
       "3  4658150  55.408562  181.403123  185.007780  186.291965  112.681038   \n",
       "4  4658151   3.695861   20.144230   55.943756   14.473496   16.752722   \n",
       "\n",
       "         mol5        mol6       mol7        mol8        mol9       mol10  \\\n",
       "0    5.418903   16.333971   3.695861   14.008136   23.428907   22.673035   \n",
       "1  102.854691  197.289728  55.408562  178.609375  150.373672  146.205200   \n",
       "2    5.910957    6.159606  11.794282   14.079749    9.440313    9.503328   \n",
       "3  102.854691  196.833797  55.408562  178.609375  150.373672  146.205200   \n",
       "4    5.418903   17.863188   3.695861   14.008136   23.428907   22.673035   \n",
       "\n",
       "        mol11       mol12       mol13       mol14       mol15      my_mol  \\\n",
       "0   24.126003    6.599267   22.414471   16.752722   20.500710    8.510276   \n",
       "1  139.170975  103.370956  142.809891  129.551773  151.843719  175.208596   \n",
       "2    9.896583   11.236391    9.560091    5.626666    9.891783   11.947432   \n",
       "3  139.170975  103.370956  142.809891  129.551773  151.843719  173.290895   \n",
       "4   24.126003    6.599267   22.414471   16.752722   20.500710    8.399224   \n",
       "\n",
       "     mol_add1    mol_add3  \n",
       "0   19.242008    1.602919  \n",
       "1  186.417656  112.681038  \n",
       "2   14.021063    4.296166  \n",
       "3  186.417664  112.681038  \n",
       "4   19.242008    1.602919  "
      ]
     },
     "execution_count": 2,
     "metadata": {},
     "output_type": "execute_result"
    }
   ],
   "source": [
    "concat_sub = pd.read_csv(\"../input/stacking-models/concat_sub.csv\")\n",
    "concat_sub.head(5)"
   ]
  },
  {
   "cell_type": "code",
   "execution_count": 3,
   "metadata": {},
   "outputs": [],
   "source": [
    "#concat_sub = concat_sub.drop([\"mol14\"], axis=1)"
   ]
  },
  {
   "cell_type": "code",
   "execution_count": 4,
   "metadata": {},
   "outputs": [
    {
     "data": {
      "text/html": [
       "<div>\n",
       "<style scoped>\n",
       "    .dataframe tbody tr th:only-of-type {\n",
       "        vertical-align: middle;\n",
       "    }\n",
       "\n",
       "    .dataframe tbody tr th {\n",
       "        vertical-align: top;\n",
       "    }\n",
       "\n",
       "    .dataframe thead th {\n",
       "        text-align: right;\n",
       "    }\n",
       "</style>\n",
       "<table border=\"1\" class=\"dataframe\">\n",
       "  <thead>\n",
       "    <tr style=\"text-align: right;\">\n",
       "      <th></th>\n",
       "      <th>id</th>\n",
       "      <th>mol0</th>\n",
       "      <th>mol1</th>\n",
       "      <th>mol2</th>\n",
       "      <th>mol3</th>\n",
       "      <th>mol4</th>\n",
       "      <th>mol5</th>\n",
       "      <th>mol6</th>\n",
       "      <th>mol7</th>\n",
       "      <th>mol8</th>\n",
       "      <th>mol9</th>\n",
       "      <th>mol10</th>\n",
       "      <th>mol11</th>\n",
       "      <th>mol12</th>\n",
       "      <th>mol13</th>\n",
       "      <th>mol14</th>\n",
       "      <th>mol15</th>\n",
       "      <th>my_mol</th>\n",
       "      <th>mol_add1</th>\n",
       "      <th>mol_add3</th>\n",
       "    </tr>\n",
       "  </thead>\n",
       "  <tbody>\n",
       "    <tr>\n",
       "      <th>0</th>\n",
       "      <td>4658147</td>\n",
       "      <td>3.695861</td>\n",
       "      <td>20.144223</td>\n",
       "      <td>55.943756</td>\n",
       "      <td>13.013150</td>\n",
       "      <td>16.752722</td>\n",
       "      <td>5.418903</td>\n",
       "      <td>16.333971</td>\n",
       "      <td>3.695861</td>\n",
       "      <td>14.008136</td>\n",
       "      <td>23.428907</td>\n",
       "      <td>22.673035</td>\n",
       "      <td>24.126003</td>\n",
       "      <td>6.599267</td>\n",
       "      <td>22.414471</td>\n",
       "      <td>16.752722</td>\n",
       "      <td>20.500710</td>\n",
       "      <td>8.510276</td>\n",
       "      <td>19.242008</td>\n",
       "      <td>1.602919</td>\n",
       "    </tr>\n",
       "    <tr>\n",
       "      <th>1</th>\n",
       "      <td>4658148</td>\n",
       "      <td>55.408562</td>\n",
       "      <td>181.403123</td>\n",
       "      <td>185.007780</td>\n",
       "      <td>185.452695</td>\n",
       "      <td>112.681038</td>\n",
       "      <td>102.854691</td>\n",
       "      <td>197.289728</td>\n",
       "      <td>55.408562</td>\n",
       "      <td>178.609375</td>\n",
       "      <td>150.373672</td>\n",
       "      <td>146.205200</td>\n",
       "      <td>139.170975</td>\n",
       "      <td>103.370956</td>\n",
       "      <td>142.809891</td>\n",
       "      <td>129.551773</td>\n",
       "      <td>151.843719</td>\n",
       "      <td>175.208596</td>\n",
       "      <td>186.417656</td>\n",
       "      <td>112.681038</td>\n",
       "    </tr>\n",
       "    <tr>\n",
       "      <th>2</th>\n",
       "      <td>4658149</td>\n",
       "      <td>11.794282</td>\n",
       "      <td>3.577224</td>\n",
       "      <td>1.717238</td>\n",
       "      <td>2.860661</td>\n",
       "      <td>5.626666</td>\n",
       "      <td>5.910957</td>\n",
       "      <td>6.159606</td>\n",
       "      <td>11.794282</td>\n",
       "      <td>14.079749</td>\n",
       "      <td>9.440313</td>\n",
       "      <td>9.503328</td>\n",
       "      <td>9.896583</td>\n",
       "      <td>11.236391</td>\n",
       "      <td>9.560091</td>\n",
       "      <td>5.626666</td>\n",
       "      <td>9.891783</td>\n",
       "      <td>11.947432</td>\n",
       "      <td>14.021063</td>\n",
       "      <td>4.296166</td>\n",
       "    </tr>\n",
       "    <tr>\n",
       "      <th>3</th>\n",
       "      <td>4658150</td>\n",
       "      <td>55.408562</td>\n",
       "      <td>181.403123</td>\n",
       "      <td>185.007780</td>\n",
       "      <td>186.291965</td>\n",
       "      <td>112.681038</td>\n",
       "      <td>102.854691</td>\n",
       "      <td>196.833797</td>\n",
       "      <td>55.408562</td>\n",
       "      <td>178.609375</td>\n",
       "      <td>150.373672</td>\n",
       "      <td>146.205200</td>\n",
       "      <td>139.170975</td>\n",
       "      <td>103.370956</td>\n",
       "      <td>142.809891</td>\n",
       "      <td>129.551773</td>\n",
       "      <td>151.843719</td>\n",
       "      <td>173.290895</td>\n",
       "      <td>186.417664</td>\n",
       "      <td>112.681038</td>\n",
       "    </tr>\n",
       "    <tr>\n",
       "      <th>4</th>\n",
       "      <td>4658151</td>\n",
       "      <td>3.695861</td>\n",
       "      <td>20.144230</td>\n",
       "      <td>55.943756</td>\n",
       "      <td>14.473496</td>\n",
       "      <td>16.752722</td>\n",
       "      <td>5.418903</td>\n",
       "      <td>17.863188</td>\n",
       "      <td>3.695861</td>\n",
       "      <td>14.008136</td>\n",
       "      <td>23.428907</td>\n",
       "      <td>22.673035</td>\n",
       "      <td>24.126003</td>\n",
       "      <td>6.599267</td>\n",
       "      <td>22.414471</td>\n",
       "      <td>16.752722</td>\n",
       "      <td>20.500710</td>\n",
       "      <td>8.399224</td>\n",
       "      <td>19.242008</td>\n",
       "      <td>1.602919</td>\n",
       "    </tr>\n",
       "  </tbody>\n",
       "</table>\n",
       "</div>"
      ],
      "text/plain": [
       "        id       mol0        mol1        mol2        mol3        mol4  \\\n",
       "0  4658147   3.695861   20.144223   55.943756   13.013150   16.752722   \n",
       "1  4658148  55.408562  181.403123  185.007780  185.452695  112.681038   \n",
       "2  4658149  11.794282    3.577224    1.717238    2.860661    5.626666   \n",
       "3  4658150  55.408562  181.403123  185.007780  186.291965  112.681038   \n",
       "4  4658151   3.695861   20.144230   55.943756   14.473496   16.752722   \n",
       "\n",
       "         mol5        mol6       mol7        mol8        mol9       mol10  \\\n",
       "0    5.418903   16.333971   3.695861   14.008136   23.428907   22.673035   \n",
       "1  102.854691  197.289728  55.408562  178.609375  150.373672  146.205200   \n",
       "2    5.910957    6.159606  11.794282   14.079749    9.440313    9.503328   \n",
       "3  102.854691  196.833797  55.408562  178.609375  150.373672  146.205200   \n",
       "4    5.418903   17.863188   3.695861   14.008136   23.428907   22.673035   \n",
       "\n",
       "        mol11       mol12       mol13       mol14       mol15      my_mol  \\\n",
       "0   24.126003    6.599267   22.414471   16.752722   20.500710    8.510276   \n",
       "1  139.170975  103.370956  142.809891  129.551773  151.843719  175.208596   \n",
       "2    9.896583   11.236391    9.560091    5.626666    9.891783   11.947432   \n",
       "3  139.170975  103.370956  142.809891  129.551773  151.843719  173.290895   \n",
       "4   24.126003    6.599267   22.414471   16.752722   20.500710    8.399224   \n",
       "\n",
       "     mol_add1    mol_add3  \n",
       "0   19.242008    1.602919  \n",
       "1  186.417656  112.681038  \n",
       "2   14.021063    4.296166  \n",
       "3  186.417664  112.681038  \n",
       "4   19.242008    1.602919  "
      ]
     },
     "execution_count": 4,
     "metadata": {},
     "output_type": "execute_result"
    }
   ],
   "source": [
    "concat_sub.head(5)"
   ]
  },
  {
   "cell_type": "code",
   "execution_count": 5,
   "metadata": {},
   "outputs": [
    {
     "data": {
      "text/html": [
       "<div>\n",
       "<style scoped>\n",
       "    .dataframe tbody tr th:only-of-type {\n",
       "        vertical-align: middle;\n",
       "    }\n",
       "\n",
       "    .dataframe tbody tr th {\n",
       "        vertical-align: top;\n",
       "    }\n",
       "\n",
       "    .dataframe thead th {\n",
       "        text-align: right;\n",
       "    }\n",
       "</style>\n",
       "<table border=\"1\" class=\"dataframe\">\n",
       "  <thead>\n",
       "    <tr style=\"text-align: right;\">\n",
       "      <th></th>\n",
       "      <th>mol0</th>\n",
       "      <th>mol1</th>\n",
       "      <th>mol2</th>\n",
       "      <th>mol3</th>\n",
       "      <th>mol4</th>\n",
       "      <th>mol5</th>\n",
       "      <th>mol6</th>\n",
       "      <th>mol7</th>\n",
       "      <th>mol8</th>\n",
       "      <th>mol9</th>\n",
       "      <th>mol10</th>\n",
       "      <th>mol11</th>\n",
       "      <th>mol12</th>\n",
       "      <th>mol13</th>\n",
       "      <th>mol14</th>\n",
       "      <th>mol15</th>\n",
       "      <th>my_mol</th>\n",
       "      <th>mol_add1</th>\n",
       "      <th>mol_add3</th>\n",
       "    </tr>\n",
       "  </thead>\n",
       "  <tbody>\n",
       "    <tr>\n",
       "      <th>mol0</th>\n",
       "      <td>1.000000</td>\n",
       "      <td>0.991854</td>\n",
       "      <td>0.991853</td>\n",
       "      <td>0.991826</td>\n",
       "      <td>0.992624</td>\n",
       "      <td>0.991974</td>\n",
       "      <td>0.991851</td>\n",
       "      <td>1.000000</td>\n",
       "      <td>0.991935</td>\n",
       "      <td>0.991936</td>\n",
       "      <td>0.991938</td>\n",
       "      <td>0.991910</td>\n",
       "      <td>0.991967</td>\n",
       "      <td>0.991934</td>\n",
       "      <td>0.992622</td>\n",
       "      <td>0.991931</td>\n",
       "      <td>0.991910</td>\n",
       "      <td>0.991848</td>\n",
       "      <td>0.953004</td>\n",
       "    </tr>\n",
       "    <tr>\n",
       "      <th>mol1</th>\n",
       "      <td>0.991854</td>\n",
       "      <td>1.000000</td>\n",
       "      <td>0.999881</td>\n",
       "      <td>0.999833</td>\n",
       "      <td>0.999821</td>\n",
       "      <td>0.999835</td>\n",
       "      <td>0.999842</td>\n",
       "      <td>0.991854</td>\n",
       "      <td>0.999848</td>\n",
       "      <td>0.999856</td>\n",
       "      <td>0.999856</td>\n",
       "      <td>0.999838</td>\n",
       "      <td>0.999811</td>\n",
       "      <td>0.999854</td>\n",
       "      <td>0.999817</td>\n",
       "      <td>0.999850</td>\n",
       "      <td>0.999887</td>\n",
       "      <td>0.999944</td>\n",
       "      <td>0.983424</td>\n",
       "    </tr>\n",
       "    <tr>\n",
       "      <th>mol2</th>\n",
       "      <td>0.991853</td>\n",
       "      <td>0.999881</td>\n",
       "      <td>1.000000</td>\n",
       "      <td>0.999831</td>\n",
       "      <td>0.999817</td>\n",
       "      <td>0.999826</td>\n",
       "      <td>0.999828</td>\n",
       "      <td>0.991853</td>\n",
       "      <td>0.999842</td>\n",
       "      <td>0.999851</td>\n",
       "      <td>0.999851</td>\n",
       "      <td>0.999830</td>\n",
       "      <td>0.999805</td>\n",
       "      <td>0.999849</td>\n",
       "      <td>0.999812</td>\n",
       "      <td>0.999845</td>\n",
       "      <td>0.999874</td>\n",
       "      <td>0.999882</td>\n",
       "      <td>0.983412</td>\n",
       "    </tr>\n",
       "    <tr>\n",
       "      <th>mol3</th>\n",
       "      <td>0.991826</td>\n",
       "      <td>0.999833</td>\n",
       "      <td>0.999831</td>\n",
       "      <td>1.000000</td>\n",
       "      <td>0.999790</td>\n",
       "      <td>0.999803</td>\n",
       "      <td>0.999865</td>\n",
       "      <td>0.991826</td>\n",
       "      <td>0.999823</td>\n",
       "      <td>0.999834</td>\n",
       "      <td>0.999833</td>\n",
       "      <td>0.999822</td>\n",
       "      <td>0.999781</td>\n",
       "      <td>0.999831</td>\n",
       "      <td>0.999786</td>\n",
       "      <td>0.999826</td>\n",
       "      <td>0.999893</td>\n",
       "      <td>0.999829</td>\n",
       "      <td>0.983389</td>\n",
       "    </tr>\n",
       "    <tr>\n",
       "      <th>mol4</th>\n",
       "      <td>0.992624</td>\n",
       "      <td>0.999821</td>\n",
       "      <td>0.999817</td>\n",
       "      <td>0.999790</td>\n",
       "      <td>1.000000</td>\n",
       "      <td>0.999944</td>\n",
       "      <td>0.999814</td>\n",
       "      <td>0.992624</td>\n",
       "      <td>0.999899</td>\n",
       "      <td>0.999906</td>\n",
       "      <td>0.999906</td>\n",
       "      <td>0.999880</td>\n",
       "      <td>0.999931</td>\n",
       "      <td>0.999903</td>\n",
       "      <td>0.999978</td>\n",
       "      <td>0.999899</td>\n",
       "      <td>0.999872</td>\n",
       "      <td>0.999817</td>\n",
       "      <td>0.982639</td>\n",
       "    </tr>\n",
       "    <tr>\n",
       "      <th>mol5</th>\n",
       "      <td>0.991974</td>\n",
       "      <td>0.999835</td>\n",
       "      <td>0.999826</td>\n",
       "      <td>0.999803</td>\n",
       "      <td>0.999944</td>\n",
       "      <td>1.000000</td>\n",
       "      <td>0.999828</td>\n",
       "      <td>0.991974</td>\n",
       "      <td>0.999913</td>\n",
       "      <td>0.999921</td>\n",
       "      <td>0.999921</td>\n",
       "      <td>0.999898</td>\n",
       "      <td>0.999944</td>\n",
       "      <td>0.999919</td>\n",
       "      <td>0.999940</td>\n",
       "      <td>0.999914</td>\n",
       "      <td>0.999886</td>\n",
       "      <td>0.999830</td>\n",
       "      <td>0.983553</td>\n",
       "    </tr>\n",
       "    <tr>\n",
       "      <th>mol6</th>\n",
       "      <td>0.991851</td>\n",
       "      <td>0.999842</td>\n",
       "      <td>0.999828</td>\n",
       "      <td>0.999865</td>\n",
       "      <td>0.999814</td>\n",
       "      <td>0.999828</td>\n",
       "      <td>1.000000</td>\n",
       "      <td>0.991851</td>\n",
       "      <td>0.999844</td>\n",
       "      <td>0.999851</td>\n",
       "      <td>0.999851</td>\n",
       "      <td>0.999834</td>\n",
       "      <td>0.999804</td>\n",
       "      <td>0.999849</td>\n",
       "      <td>0.999810</td>\n",
       "      <td>0.999845</td>\n",
       "      <td>0.999902</td>\n",
       "      <td>0.999839</td>\n",
       "      <td>0.983408</td>\n",
       "    </tr>\n",
       "    <tr>\n",
       "      <th>mol7</th>\n",
       "      <td>1.000000</td>\n",
       "      <td>0.991854</td>\n",
       "      <td>0.991853</td>\n",
       "      <td>0.991826</td>\n",
       "      <td>0.992624</td>\n",
       "      <td>0.991974</td>\n",
       "      <td>0.991851</td>\n",
       "      <td>1.000000</td>\n",
       "      <td>0.991935</td>\n",
       "      <td>0.991936</td>\n",
       "      <td>0.991938</td>\n",
       "      <td>0.991910</td>\n",
       "      <td>0.991967</td>\n",
       "      <td>0.991934</td>\n",
       "      <td>0.992622</td>\n",
       "      <td>0.991931</td>\n",
       "      <td>0.991910</td>\n",
       "      <td>0.991848</td>\n",
       "      <td>0.953004</td>\n",
       "    </tr>\n",
       "    <tr>\n",
       "      <th>mol8</th>\n",
       "      <td>0.991935</td>\n",
       "      <td>0.999848</td>\n",
       "      <td>0.999842</td>\n",
       "      <td>0.999823</td>\n",
       "      <td>0.999899</td>\n",
       "      <td>0.999913</td>\n",
       "      <td>0.999844</td>\n",
       "      <td>0.991935</td>\n",
       "      <td>1.000000</td>\n",
       "      <td>0.999970</td>\n",
       "      <td>0.999969</td>\n",
       "      <td>0.999947</td>\n",
       "      <td>0.999892</td>\n",
       "      <td>0.999966</td>\n",
       "      <td>0.999896</td>\n",
       "      <td>0.999961</td>\n",
       "      <td>0.999908</td>\n",
       "      <td>0.999843</td>\n",
       "      <td>0.983495</td>\n",
       "    </tr>\n",
       "    <tr>\n",
       "      <th>mol9</th>\n",
       "      <td>0.991936</td>\n",
       "      <td>0.999856</td>\n",
       "      <td>0.999851</td>\n",
       "      <td>0.999834</td>\n",
       "      <td>0.999906</td>\n",
       "      <td>0.999921</td>\n",
       "      <td>0.999851</td>\n",
       "      <td>0.991936</td>\n",
       "      <td>0.999970</td>\n",
       "      <td>1.000000</td>\n",
       "      <td>0.999990</td>\n",
       "      <td>0.999970</td>\n",
       "      <td>0.999900</td>\n",
       "      <td>0.999985</td>\n",
       "      <td>0.999902</td>\n",
       "      <td>0.999980</td>\n",
       "      <td>0.999918</td>\n",
       "      <td>0.999851</td>\n",
       "      <td>0.983511</td>\n",
       "    </tr>\n",
       "    <tr>\n",
       "      <th>mol10</th>\n",
       "      <td>0.991938</td>\n",
       "      <td>0.999856</td>\n",
       "      <td>0.999851</td>\n",
       "      <td>0.999833</td>\n",
       "      <td>0.999906</td>\n",
       "      <td>0.999921</td>\n",
       "      <td>0.999851</td>\n",
       "      <td>0.991938</td>\n",
       "      <td>0.999969</td>\n",
       "      <td>0.999990</td>\n",
       "      <td>1.000000</td>\n",
       "      <td>0.999972</td>\n",
       "      <td>0.999900</td>\n",
       "      <td>0.999987</td>\n",
       "      <td>0.999902</td>\n",
       "      <td>0.999981</td>\n",
       "      <td>0.999917</td>\n",
       "      <td>0.999851</td>\n",
       "      <td>0.983509</td>\n",
       "    </tr>\n",
       "    <tr>\n",
       "      <th>mol11</th>\n",
       "      <td>0.991910</td>\n",
       "      <td>0.999838</td>\n",
       "      <td>0.999830</td>\n",
       "      <td>0.999822</td>\n",
       "      <td>0.999880</td>\n",
       "      <td>0.999898</td>\n",
       "      <td>0.999834</td>\n",
       "      <td>0.991910</td>\n",
       "      <td>0.999947</td>\n",
       "      <td>0.999970</td>\n",
       "      <td>0.999972</td>\n",
       "      <td>1.000000</td>\n",
       "      <td>0.999877</td>\n",
       "      <td>0.999985</td>\n",
       "      <td>0.999877</td>\n",
       "      <td>0.999965</td>\n",
       "      <td>0.999903</td>\n",
       "      <td>0.999833</td>\n",
       "      <td>0.983488</td>\n",
       "    </tr>\n",
       "    <tr>\n",
       "      <th>mol12</th>\n",
       "      <td>0.991967</td>\n",
       "      <td>0.999811</td>\n",
       "      <td>0.999805</td>\n",
       "      <td>0.999781</td>\n",
       "      <td>0.999931</td>\n",
       "      <td>0.999944</td>\n",
       "      <td>0.999804</td>\n",
       "      <td>0.991967</td>\n",
       "      <td>0.999892</td>\n",
       "      <td>0.999900</td>\n",
       "      <td>0.999900</td>\n",
       "      <td>0.999877</td>\n",
       "      <td>1.000000</td>\n",
       "      <td>0.999897</td>\n",
       "      <td>0.999931</td>\n",
       "      <td>0.999893</td>\n",
       "      <td>0.999863</td>\n",
       "      <td>0.999806</td>\n",
       "      <td>0.983536</td>\n",
       "    </tr>\n",
       "    <tr>\n",
       "      <th>mol13</th>\n",
       "      <td>0.991934</td>\n",
       "      <td>0.999854</td>\n",
       "      <td>0.999849</td>\n",
       "      <td>0.999831</td>\n",
       "      <td>0.999903</td>\n",
       "      <td>0.999919</td>\n",
       "      <td>0.999849</td>\n",
       "      <td>0.991934</td>\n",
       "      <td>0.999966</td>\n",
       "      <td>0.999985</td>\n",
       "      <td>0.999987</td>\n",
       "      <td>0.999985</td>\n",
       "      <td>0.999897</td>\n",
       "      <td>1.000000</td>\n",
       "      <td>0.999900</td>\n",
       "      <td>0.999982</td>\n",
       "      <td>0.999915</td>\n",
       "      <td>0.999849</td>\n",
       "      <td>0.983509</td>\n",
       "    </tr>\n",
       "    <tr>\n",
       "      <th>mol14</th>\n",
       "      <td>0.992622</td>\n",
       "      <td>0.999817</td>\n",
       "      <td>0.999812</td>\n",
       "      <td>0.999786</td>\n",
       "      <td>0.999978</td>\n",
       "      <td>0.999940</td>\n",
       "      <td>0.999810</td>\n",
       "      <td>0.992622</td>\n",
       "      <td>0.999896</td>\n",
       "      <td>0.999902</td>\n",
       "      <td>0.999902</td>\n",
       "      <td>0.999877</td>\n",
       "      <td>0.999931</td>\n",
       "      <td>0.999900</td>\n",
       "      <td>1.000000</td>\n",
       "      <td>0.999896</td>\n",
       "      <td>0.999868</td>\n",
       "      <td>0.999812</td>\n",
       "      <td>0.982617</td>\n",
       "    </tr>\n",
       "    <tr>\n",
       "      <th>mol15</th>\n",
       "      <td>0.991931</td>\n",
       "      <td>0.999850</td>\n",
       "      <td>0.999845</td>\n",
       "      <td>0.999826</td>\n",
       "      <td>0.999899</td>\n",
       "      <td>0.999914</td>\n",
       "      <td>0.999845</td>\n",
       "      <td>0.991931</td>\n",
       "      <td>0.999961</td>\n",
       "      <td>0.999980</td>\n",
       "      <td>0.999981</td>\n",
       "      <td>0.999965</td>\n",
       "      <td>0.999893</td>\n",
       "      <td>0.999982</td>\n",
       "      <td>0.999896</td>\n",
       "      <td>1.000000</td>\n",
       "      <td>0.999910</td>\n",
       "      <td>0.999845</td>\n",
       "      <td>0.983502</td>\n",
       "    </tr>\n",
       "    <tr>\n",
       "      <th>my_mol</th>\n",
       "      <td>0.991910</td>\n",
       "      <td>0.999887</td>\n",
       "      <td>0.999874</td>\n",
       "      <td>0.999893</td>\n",
       "      <td>0.999872</td>\n",
       "      <td>0.999886</td>\n",
       "      <td>0.999902</td>\n",
       "      <td>0.991910</td>\n",
       "      <td>0.999908</td>\n",
       "      <td>0.999918</td>\n",
       "      <td>0.999917</td>\n",
       "      <td>0.999903</td>\n",
       "      <td>0.999863</td>\n",
       "      <td>0.999915</td>\n",
       "      <td>0.999868</td>\n",
       "      <td>0.999910</td>\n",
       "      <td>1.000000</td>\n",
       "      <td>0.999885</td>\n",
       "      <td>0.983466</td>\n",
       "    </tr>\n",
       "    <tr>\n",
       "      <th>mol_add1</th>\n",
       "      <td>0.991848</td>\n",
       "      <td>0.999944</td>\n",
       "      <td>0.999882</td>\n",
       "      <td>0.999829</td>\n",
       "      <td>0.999817</td>\n",
       "      <td>0.999830</td>\n",
       "      <td>0.999839</td>\n",
       "      <td>0.991848</td>\n",
       "      <td>0.999843</td>\n",
       "      <td>0.999851</td>\n",
       "      <td>0.999851</td>\n",
       "      <td>0.999833</td>\n",
       "      <td>0.999806</td>\n",
       "      <td>0.999849</td>\n",
       "      <td>0.999812</td>\n",
       "      <td>0.999845</td>\n",
       "      <td>0.999885</td>\n",
       "      <td>1.000000</td>\n",
       "      <td>0.983421</td>\n",
       "    </tr>\n",
       "    <tr>\n",
       "      <th>mol_add3</th>\n",
       "      <td>0.953004</td>\n",
       "      <td>0.983424</td>\n",
       "      <td>0.983412</td>\n",
       "      <td>0.983389</td>\n",
       "      <td>0.982639</td>\n",
       "      <td>0.983553</td>\n",
       "      <td>0.983408</td>\n",
       "      <td>0.953004</td>\n",
       "      <td>0.983495</td>\n",
       "      <td>0.983511</td>\n",
       "      <td>0.983509</td>\n",
       "      <td>0.983488</td>\n",
       "      <td>0.983536</td>\n",
       "      <td>0.983509</td>\n",
       "      <td>0.982617</td>\n",
       "      <td>0.983502</td>\n",
       "      <td>0.983466</td>\n",
       "      <td>0.983421</td>\n",
       "      <td>1.000000</td>\n",
       "    </tr>\n",
       "  </tbody>\n",
       "</table>\n",
       "</div>"
      ],
      "text/plain": [
       "              mol0      mol1      mol2      mol3      mol4      mol5  \\\n",
       "mol0      1.000000  0.991854  0.991853  0.991826  0.992624  0.991974   \n",
       "mol1      0.991854  1.000000  0.999881  0.999833  0.999821  0.999835   \n",
       "mol2      0.991853  0.999881  1.000000  0.999831  0.999817  0.999826   \n",
       "mol3      0.991826  0.999833  0.999831  1.000000  0.999790  0.999803   \n",
       "mol4      0.992624  0.999821  0.999817  0.999790  1.000000  0.999944   \n",
       "mol5      0.991974  0.999835  0.999826  0.999803  0.999944  1.000000   \n",
       "mol6      0.991851  0.999842  0.999828  0.999865  0.999814  0.999828   \n",
       "mol7      1.000000  0.991854  0.991853  0.991826  0.992624  0.991974   \n",
       "mol8      0.991935  0.999848  0.999842  0.999823  0.999899  0.999913   \n",
       "mol9      0.991936  0.999856  0.999851  0.999834  0.999906  0.999921   \n",
       "mol10     0.991938  0.999856  0.999851  0.999833  0.999906  0.999921   \n",
       "mol11     0.991910  0.999838  0.999830  0.999822  0.999880  0.999898   \n",
       "mol12     0.991967  0.999811  0.999805  0.999781  0.999931  0.999944   \n",
       "mol13     0.991934  0.999854  0.999849  0.999831  0.999903  0.999919   \n",
       "mol14     0.992622  0.999817  0.999812  0.999786  0.999978  0.999940   \n",
       "mol15     0.991931  0.999850  0.999845  0.999826  0.999899  0.999914   \n",
       "my_mol    0.991910  0.999887  0.999874  0.999893  0.999872  0.999886   \n",
       "mol_add1  0.991848  0.999944  0.999882  0.999829  0.999817  0.999830   \n",
       "mol_add3  0.953004  0.983424  0.983412  0.983389  0.982639  0.983553   \n",
       "\n",
       "              mol6      mol7      mol8      mol9     mol10     mol11  \\\n",
       "mol0      0.991851  1.000000  0.991935  0.991936  0.991938  0.991910   \n",
       "mol1      0.999842  0.991854  0.999848  0.999856  0.999856  0.999838   \n",
       "mol2      0.999828  0.991853  0.999842  0.999851  0.999851  0.999830   \n",
       "mol3      0.999865  0.991826  0.999823  0.999834  0.999833  0.999822   \n",
       "mol4      0.999814  0.992624  0.999899  0.999906  0.999906  0.999880   \n",
       "mol5      0.999828  0.991974  0.999913  0.999921  0.999921  0.999898   \n",
       "mol6      1.000000  0.991851  0.999844  0.999851  0.999851  0.999834   \n",
       "mol7      0.991851  1.000000  0.991935  0.991936  0.991938  0.991910   \n",
       "mol8      0.999844  0.991935  1.000000  0.999970  0.999969  0.999947   \n",
       "mol9      0.999851  0.991936  0.999970  1.000000  0.999990  0.999970   \n",
       "mol10     0.999851  0.991938  0.999969  0.999990  1.000000  0.999972   \n",
       "mol11     0.999834  0.991910  0.999947  0.999970  0.999972  1.000000   \n",
       "mol12     0.999804  0.991967  0.999892  0.999900  0.999900  0.999877   \n",
       "mol13     0.999849  0.991934  0.999966  0.999985  0.999987  0.999985   \n",
       "mol14     0.999810  0.992622  0.999896  0.999902  0.999902  0.999877   \n",
       "mol15     0.999845  0.991931  0.999961  0.999980  0.999981  0.999965   \n",
       "my_mol    0.999902  0.991910  0.999908  0.999918  0.999917  0.999903   \n",
       "mol_add1  0.999839  0.991848  0.999843  0.999851  0.999851  0.999833   \n",
       "mol_add3  0.983408  0.953004  0.983495  0.983511  0.983509  0.983488   \n",
       "\n",
       "             mol12     mol13     mol14     mol15    my_mol  mol_add1  mol_add3  \n",
       "mol0      0.991967  0.991934  0.992622  0.991931  0.991910  0.991848  0.953004  \n",
       "mol1      0.999811  0.999854  0.999817  0.999850  0.999887  0.999944  0.983424  \n",
       "mol2      0.999805  0.999849  0.999812  0.999845  0.999874  0.999882  0.983412  \n",
       "mol3      0.999781  0.999831  0.999786  0.999826  0.999893  0.999829  0.983389  \n",
       "mol4      0.999931  0.999903  0.999978  0.999899  0.999872  0.999817  0.982639  \n",
       "mol5      0.999944  0.999919  0.999940  0.999914  0.999886  0.999830  0.983553  \n",
       "mol6      0.999804  0.999849  0.999810  0.999845  0.999902  0.999839  0.983408  \n",
       "mol7      0.991967  0.991934  0.992622  0.991931  0.991910  0.991848  0.953004  \n",
       "mol8      0.999892  0.999966  0.999896  0.999961  0.999908  0.999843  0.983495  \n",
       "mol9      0.999900  0.999985  0.999902  0.999980  0.999918  0.999851  0.983511  \n",
       "mol10     0.999900  0.999987  0.999902  0.999981  0.999917  0.999851  0.983509  \n",
       "mol11     0.999877  0.999985  0.999877  0.999965  0.999903  0.999833  0.983488  \n",
       "mol12     1.000000  0.999897  0.999931  0.999893  0.999863  0.999806  0.983536  \n",
       "mol13     0.999897  1.000000  0.999900  0.999982  0.999915  0.999849  0.983509  \n",
       "mol14     0.999931  0.999900  1.000000  0.999896  0.999868  0.999812  0.982617  \n",
       "mol15     0.999893  0.999982  0.999896  1.000000  0.999910  0.999845  0.983502  \n",
       "my_mol    0.999863  0.999915  0.999868  0.999910  1.000000  0.999885  0.983466  \n",
       "mol_add1  0.999806  0.999849  0.999812  0.999845  0.999885  1.000000  0.983421  \n",
       "mol_add3  0.983536  0.983509  0.982617  0.983502  0.983466  0.983421  1.000000  "
      ]
     },
     "execution_count": 5,
     "metadata": {},
     "output_type": "execute_result"
    }
   ],
   "source": [
    "# check correlation\n",
    "concat_sub.iloc[:,1:].corr()"
   ]
  },
  {
   "cell_type": "code",
   "execution_count": 6,
   "metadata": {},
   "outputs": [
    {
     "data": {
      "text/plain": [
       "<matplotlib.axes._subplots.AxesSubplot at 0x7f500013d518>"
      ]
     },
     "execution_count": 6,
     "metadata": {},
     "output_type": "execute_result"
    },
    {
     "data": {
